9.395383614791836813e-01 4.902581439280926517e-02 3.788335714275930816e-03 2.226455643735930461e-03 5.421032769995177969e-03
7.836029665204791161e-01 1.484396318779757258e-02 6.512689993667544405e-03 1.340790832552816308e-02 1.816324719725270764e-01
3.831601907599994309e-03 5.580463073183658529e-02 3.324476598433429575e-01 8.178428870091465630e-03 5.997376786471266819e-01
8.548359437466563904e-01 2.274892265476260306e-02 5.492112684076086090e-03 3.824198266513083744e-03 1.130988226479907321e-01
9.247405058348622253e-01 8.028795479843314417e-03 1.987684083160088603e-03 1.095424107478442603e-03 6.414759049465647289e-02
4.862558853354935762e-01 2.928489995143985225e-01 6.507425193534828456e-02 2.852704708839748707e-02 1.272938161263653389e-01
8.513911342954549877e-02 1.126401760536029639e-01 3.934202551877146736e-01 3.213924349570630723e-02 3.766612118334287662e-01
9.670989815071848739e-01 8.399838099144791084e-03 1.781667600761952137e-03 3.815362850554617391e-04 2.233797650785196431e-02
2.961851599596864587e-02 1.173603482038853008e-01 4.992276149780748851e-01 3.323045429013393726e-01 2.148897792072792384e-02
8.591524530245002109e-03 5.352034692727361672e-04 1.816211450134060101e-02 3.980945527633507688e-03 9.687302119715038851e-01
3.833341242038483809e-01 1.296898301074472515e-01 5.562083863112271542e-02 2.180612925284162659e-02 4.095490778047403690e-01
8.449353775967716196e-01 1.762468057820926540e-02 8.180038540185887927e-03 1.203149615347328706e-02 1.172284071313585280e-01
2.097846624774074020e-01 6.027940210559112194e-02 1.599798235933155149e-02 1.748164428604244772e-02 6.964563087716288958e-01
7.628577977309657365e-01 4.478913351700806317e-02 6.332629218331823316e-03 6.774117952315463539e-04 1.853430277384643665e-01
1.812104338477143473e-01 9.857786032911251828e-02 1.172146309017969845e-02 1.401843644606737965e-02 6.944718062869251751e-01
1.057001539219955266e-02 6.369959163166460069e-03 5.716346268692739513e-02 1.405257351557282451e-02 9.118439892421290605e-01
6.306905191242064834e-01 1.182600434573921333e-01 1.240633784331812185e-02 8.136691488831665833e-03 2.305064080862500031e-01
5.503778213438434985e-01 1.769310063984315048e-02 7.629183366929971968e-03 2.946284638793882776e-02 3.948370482614459998e-01
9.898086634831420039e-01 4.044063778636231531e-03 1.167018953382323933e-04 1.751544713198825199e-04 5.855416371563730744e-03
9.518100079869983299e-01 2.243800246595690356e-02 2.276658746171070224e-03 7.390344760776501338e-04 2.273629632479441665e-02
9.282323159293984771e-01 5.328757267014980897e-02 7.491395396941139331e-03 2.746187799496243817e-04 1.071409722355935387e-02
8.006589302502944427e-01 3.130979793637034964e-02 1.034496302927240263e-02 9.503202553145569803e-03 1.481831062309161562e-01
7.840950742935071105e-01 2.016243996019141116e-01 5.925767678072507184e-03 1.716902103060699266e-03 6.637856323448003762e-03
9.702816805600449346e-01 2.044680558108712479e-02 1.105558634885906409e-03 8.829906619161637538e-04 7.282964562064797760e-03
1.764420853897416543e-43 9.999999982401277521e-01 1.759923429320443867e-09 1.156502550257599356e-23 8.577243028738929248e-60
8.890088171250147830e-01 3.792266199152653783e-02 1.174748215152714853e-02 7.229482531856120742e-04 6.059809047874750720e-02
5.183622030723199492e-01 4.532910290894020394e-02 9.834775301515382567e-03 8.473361852959477789e-03 4.180005568642635727e-01
6.899357974115837289e-01 8.990581257970428966e-03 7.633653606193589909e-03 6.135683372092260064e-03 2.873042843521609324e-01
6.981932930351699707e-01 1.274809740248198167e-02 6.298525462011264446e-03 8.892103375269832730e-03 2.738679807250656850e-01
9.470542045267713593e-01 3.279265339931970030e-02 4.302555508858364741e-03 8.305088009395502355e-04 1.502007776411172502e-02
9.664364606958100179e-01 1.055295332967806816e-02 4.782943967011601440e-03 2.302741395427286477e-04 1.799736786795578386e-02
6.210230600058131508e-05 6.772909948529812763e-01 2.622463268247640644e-01 5.971777299386671345e-02 6.828030223951843955e-04
9.864526668551866218e-01 9.246633900835030465e-03 1.998594338244443110e-03 2.912282493808066180e-05 2.272982080796903236e-03
4.711531574154849689e-01 3.057401214799508882e-01 1.800996593079984970e-02 3.227755772148020730e-02 1.728191974522827190e-01
9.801990408139598099e-01 1.274006087397137194e-02 2.543960585095793921e-03 2.295929311165642236e-03 2.221008415808069843e-03
9.392706802915873343e-01 2.090400542300996714e-02 2.114503639791154299e-03 6.170490446476418599e-04 3.709376160096534980e-02
3.707511307353847312e-08 2.548872110275814118e-02 7.839115285048720017e-01 1.645740440119109194e-01 2.602566930535765016e-02
8.102601679791940903e-01 1.053566565813019839e-03 5.592670645348533833e-04 7.195888853838156973e-04 1.874074095050738409e-01
8.391530734272383274e-01 4.103866503582444952e-02 8.957626171306956250e-03 7.827505401701146531e-03 1.030231299639281506e-01
8.593983106769864655e-01 1.275585555197420451e-01 6.386672203813434368e-03 5.298582418296342474e-04 6.126603357629995493e-03
8.739850758110047080e-01 3.646682482530187730e-02 5.639962898623890677e-03 3.106680626680535275e-03 8.080145583838738155e-02
6.836421799449647896e-01 7.134464615357245798e-02 3.780223367491877297e-03 4.052142026579960352e-03 2.371808085073900396e-01
2.411456550700807628e-03 1.917946969935756529e-01 6.683039440507433648e-02 3.708707091096675179e-01 3.680927429409831531e-01
5.904920004229767816e-01 9.234618122522296121e-03 8.524349298803910943e-03 8.421823356126043741e-03 3.833272087995691635e-01
1.794719763880973842e-03 3.539185565665608352e-03 2.223087103434632367e-02 1.259507811832098713e-03 9.711757158242780852e-01
7.567290958282389957e-01 2.367353772197377040e-02 4.185019293159957139e-03 5.382418150483027873e-03 2.100299290061425073e-01
4.416977915218344949e-05 4.123525145554229887e-02 9.462461136275730489e-01 1.202501710058572273e-02 4.494480371489225257e-04
2.463141583873697527e-01 1.505963392342590801e-02 8.497665880594326704e-02 5.274691741014824187e-01 1.261803747817723254e-01
6.046216104823115556e-01 9.326084655466557183e-02 1.536798583026818300e-02 1.214803547532848915e-01 1.652692023794669618e-01
8.591805740005120651e-01 4.473404457305703123e-03 1.088382100101269873e-03 1.145406184849528334e-03 1.341122332572303455e-01
9.908685238057262090e-01 8.047467007856997159e-03 4.854580501494133488e-05 2.080156746962545810e-05 1.014661813932216583e-03
4.852386981492403106e-01 1.187774404581830659e-02 4.324695419681971395e-03 1.098162185139689613e-02 4.875772405338616444e-01
8.752762649586828259e-01 4.288298784761099269e-02 1.946001591340365197e-02 3.989910885879542624e-03 5.839082039442425320e-02
9.518100079869983299e-01 2.243800246595690356e-02 2.276658746171070224e-03 7.390344760776501338e-04 2.273629632479441665e-02
7.379791920281468798e-01 2.528823785067746410e-01 3.235396187315062958e-03 1.166375558930195190e-03 4.736657718836316013e-03
6.346719646217443556e-01 3.578496355703144061e-01 6.682534543482378415e-03 1.582106798727882466e-05 7.800441964682265899e-04
4.288060311479120532e-18 3.550579570131887335e-05 3.814686628399300283e-01 6.184958313246756711e-01 3.972329677502619224e-11
8.149485951392395622e-01 1.836729110424792089e-01 1.378016170810467903e-03 1.238436170250299501e-07 3.538038601575455652e-07
7.099835919576009680e-01 2.626308248799205103e-01 2.358096247989332345e-02 1.946670326935290860e-03 1.857950355652861034e-03
7.835835884123124595e-01 7.678875676359070424e-02 8.588843393301294829e-03 8.726752515893266421e-03 1.223120589149016141e-01
9.999305272771977782e-01 6.651581977859146843e-05 7.225143731771585392e-07 2.413212356998018123e-07 1.993067411033998709e-06
9.668136654752143011e-01 2.708360400865463674e-02 2.673781011938811125e-03 4.575358378453469373e-04 2.971413666347031378e-03
7.067818123589365564e-01 7.416718804840181922e-02 2.449969693240149071e-02 1.655315067567402713e-03 1.928959875926950507e-01
6.039203925049245747e-01 4.253533400930625819e-02 1.672068093176936124e-02 1.431136575051897546e-03 3.353924559789466797e-01
5.670572052100431026e-01 4.182065461066991063e-01 5.788443811957580051e-03 3.687241641698937866e-04 8.579080707132686820e-03
1.034005803289769234e-04 2.704087913301508752e-06 7.219763283077192681e-04 2.890509192043288697e-02 9.702668270830178132e-01
1.289682818052859217e-10 5.626276997033356070e-02 9.227098564631577293e-01 2.092900220770809588e-02 9.837122983420167575e-05
9.710683481082408308e-01 2.536525001864758933e-02 1.584063851661896742e-03 5.410591724129470764e-04 1.441278849040083078e-03
5.384705627619469359e-01 8.018742280936974609e-02 3.613158585673775791e-02 8.628155890233722008e-03 3.365822726817114252e-01
6.213541828518264198e-01 1.427880649215577669e-01 8.021917568239092869e-03 2.658936291358848097e-02 2.012464717447867146e-01
9.469581307867754871e-01 4.449587756027227614e-02 3.783461100725499238e-03 1.121324505747620798e-03 3.641206046478617959e-03
9.655088591383229613e-01 1.636390160013591333e-02 1.900450596766554718e-03 1.200732266431164168e-03 1.502605639834278702e-02
9.872216686783135131e-01 9.539065419725703196e-03 2.723658714263633377e-03 1.051639445123638244e-04 4.104432431821515266e-04
1.467079004154173971e-01 4.511676024854707756e-02 4.619503737460804033e-02 3.849512974804387977e-02 7.234851722133871510e-01
3.998258767652788201e-13 9.996654999368927985e-01 2.717061403099507006e-04 6.278840896158594594e-05 5.513446929759895933e-09
9.810082424269159773e-01 8.298913798541173933e-03 4.510387947087143227e-04 3.620635021467067359e-04 9.879741477688431389e-03
9.404405264177508883e-01 3.310623357320797294e-02 3.899925211687853711e-03 8.352087811376324861e-04 2.171810601621680659e-02
9.498220069621780004e-01 4.975611095693039526e-02 3.722115552691313521e-04 2.847564497901767117e-05 2.119488063894026035e-05
1.275832453628458762e-01 1.170905151723861254e-01 3.695200784801174615e-02 5.661237696098126576e-02 6.617618546557761938e-01
9.431448656350527315e-01 3.041332840809280597e-02 6.576739725218547390e-03 2.043840405462761349e-03 1.782122582617295600e-02
7.830271132747581575e-01 1.497237166786125895e-01 2.355811343864838703e-02 5.334690624612716155e-03 3.835636598336897990e-02
1.222743878919474051e-36 4.590599061600368291e-07 1.276286409158867430e-01 8.723709000234817212e-01 7.538400972410524649e-13
9.946490220339144761e-01 3.232270336181890247e-03 1.997183589507422184e-04 1.221253856077923439e-05 1.906776732391477977e-03
9.882737207136860214e-01 7.803504441884595057e-03 1.267507595847104911e-03 3.369313217497911473e-04 2.318335926830712799e-03
8.223302862468367946e-01 7.468798517467391263e-02 4.039478188588107796e-03 7.015385431631323415e-03 9.192686495827315230e-02
4.368802752588998861e-01 5.414629910909399824e-01 2.052806561857390202e-02 6.073958249360992157e-05 1.067928449088880556e-03
8.293942139670135161e-01 5.762540756759219548e-03 8.927765603200521483e-03 2.456804001733568082e-03 1.534586756712942868e-01
8.580213362341332362e-01 9.863421923354784293e-02 1.247634432118353495e-02 1.143156538234084245e-03 2.972494367290204678e-02
2.082432249346098940e-01 7.681803953357995152e-01 2.330232081848556194e-02 2.289623055758917736e-04 4.509660552542295824e-05
4.511298072931102602e-05 2.698138643497115284e-04 9.996823769543827787e-01 2.688322477173377334e-06 7.878041504228068647e-09
9.581643878740077058e-01 1.998215141839592909e-02 9.941387454784834238e-03 8.509494093943913672e-04 1.106112384341834468e-02
7.965508362402498044e-01 7.642951156219007780e-02 1.062171900350636009e-02 2.078512256796250738e-03 1.143194209372564857e-01
2.579915626735399536e-01 7.017174473329235163e-01 1.541292054743668982e-02 2.768893066641666279e-03 2.210917637946068978e-02
7.257226215145912152e-01 9.097440401763526308e-02 1.289227461262757238e-02 2.580615338270677173e-03 1.678300845168769206e-01
9.518100079869983299e-01 2.243800246595690356e-02 2.276658746171070224e-03 7.390344760776501338e-04 2.273629632479441665e-02
2.617441642776750510e-01 2.458022229610273487e-02 1.160232426548745560e-02 2.181150099255970212e-02 6.802617881681760625e-01
9.444320572011415393e-01 3.241199149074080327e-02 3.815790629719273581e-03 2.792005382447241375e-04 1.906096014015454601e-02
8.595796234560627580e-01 4.666859784743826456e-02 6.936130747962984504e-03 5.349437314566442628e-03 8.146621063397073426e-02
1.851343799712987515e-01 1.700672138189673541e-02 6.974116108706952984e-03 1.981151835642855005e-02 7.710732641816664401e-01
8.390991578287505526e-01 3.278079685201937873e-03 1.352992692004149639e-03 9.938548412634961096e-04 1.552759149527792870e-01
9.132742395612883923e-01 3.813984475356339832e-02 1.752410109901508285e-03 2.888100943132567485e-03 4.394540463211331349e-02
2.235033936412545339e-06 7.171170444282194412e-01 2.828794234596332946e-01 1.296993151102374166e-06 8.505343377937504426e-11
5.429693581035509586e-01 7.039167417693466267e-02 4.601749061579585298e-02 1.560298788901424635e-02 3.250184892147044979e-01
9.376085710132043838e-01 1.099230948296061640e-02 1.294891182351920510e-03 1.387816511742195327e-03 4.871641180973993596e-02
3.521832402281841468e-01 2.514463121293142311e-02 8.737891264041603920e-03 1.325740512496129640e-02 6.006768321698817692e-01
9.489471510790773445e-01 1.236304863871902360e-02 5.248588619942336393e-03 5.617037063720116494e-04 3.287950795588868991e-02
5.673116626498972970e-01 2.601920716467920891e-01 1.048072246965305564e-02 4.543452738308628551e-03 1.574720904953493261e-01
9.939336320401495062e-01 3.392937444254803467e-03 3.998252048811198564e-04 1.284251351288621923e-04 2.145180175587327234e-03
3.237863147220122996e-07 1.676604000956499751e-02 2.261713068340612254e-02 9.139938089285054579e-02 8.692171246278621588e-01
5.861342498482658980e-01 7.637939096812403419e-03 1.732104847248373131e-02 9.050762781132180163e-03 3.798559998013043559e-01
6.626892544884450675e-01 6.906318298565121243e-03 3.664363432643463498e-03 4.713537104827108214e-03 3.220265266755204525e-01
9.509534908597883085e-01 1.762647856553734016e-02 6.560957973152540612e-04 2.810251095524546328e-04 3.048290966780671171e-02
4.415169428415715580e-01 7.614553381030352008e-02 2.351218400379667117e-01 3.194102932562509298e-03 2.440215803775935000e-01
1.299417763793125902e-01 2.997400742197443586e-03 1.151374875421137855e-03 2.579314250092200680e-02 8.401163055021461101e-01
2.524500346445462864e-03 4.135478817345717567e-02 6.528536653968702863e-01 1.283385966338315975e-01 1.749284494493986708e-01
3.807317954620620373e-22 2.774131938016097228e-08 9.977943710852658077e-01 2.205600431854281337e-03 7.415855676054436841e-10
7.928651897423864836e-02 2.495041770320704285e-03 1.045922567780108690e-02 3.964857418409422490e-02 8.681106393935481558e-01
9.939734763048018173e-01 3.428724836558615530e-03 5.568611532387609479e-04 2.961436597671811689e-04 1.744794045630434576e-03
9.949339493445351623e-01 2.155866017009813469e-03 1.015826855568747279e-04 2.613530682260637177e-04 2.547248884670692826e-03
9.013975368762663365e-01 6.185785855020945606e-02 3.424482898516711254e-02 9.975554811689757700e-04 1.502220107190862597e-03
3.576263837482423244e-04 7.120037328334121174e-01 6.993524701136126509e-02 2.176780704694228630e-01 2.532330205952551219e-05
9.423636704028229838e-01 3.278275628752670701e-02 2.170339730745960566e-03 9.297866216699175214e-04 2.175344695723568228e-02
8.709117218399214932e-01 4.644478082203707531e-02 9.128559261536753691e-03 6.447765022436112263e-03 6.706717305407003393e-02
9.658501813128341773e-01 1.723068649119481946e-02 1.778163621952339813e-03 3.041888689562638731e-04 1.483677970506335278e-02
8.925790077092696784e-01 8.742229325977043941e-02 4.012833022392565605e-03 5.284022120298883032e-04 1.545746379653826358e-02
1.842286304874455071e-08 1.661883995159840180e-04 1.192983004690686532e-03 1.068837268210773156e-01 8.917570833518616569e-01
6.999205878277156012e-01 2.432968884334743911e-02 1.033408449530492067e-02 8.286986077273768856e-04 2.645869402259050651e-01
8.923360006227787355e-01 2.326875547180315418e-02 1.644640372149844309e-03 2.640319694333658515e-04 8.248657156383533418e-02
2.600720985176055433e-02 9.308019936078505419e-01 4.251722330839909775e-02 5.889959467148581269e-04 8.457728527220941949e-05
9.688127030192092981e-01 6.484650185855352598e-03 1.528773822914928021e-03 8.192214033843847826e-04 2.235465156863693931e-02
7.443465391733813385e-01 7.758504986919429261e-03 2.401314553865996348e-03 4.411954063405827513e-03 2.410816872224267882e-01
8.432895279412103706e-01 5.499966599974484560e-02 1.748800193293604654e-03 2.498278219999031189e-03 9.746372764575356173e-02
9.692121057757506764e-01 1.683894593130232098e-02 2.381122286371656696e-03 3.822755346580091178e-04 1.118555047191757343e-02
9.257800045974269587e-03 2.791531376629670658e-01 7.113689834150677127e-01 1.341507024050062643e-04 8.592817358339737918e-05
8.602961292265438598e-01 1.569956225879016662e-02 1.585180076046564931e-03 3.059532942276158365e-03 1.193595954963437428e-01
2.383473364462494054e-02 9.614075141703956606e-02 3.146604345057921748e-01 1.191240089213393416e-01 4.462400715112067040e-01
3.441255901752078850e-01 1.795367768662217006e-02 1.717163539914193932e-02 2.212188270561457615e-02 5.986272140334146785e-01
8.583292961713732128e-01 8.076347917496001783e-02 1.901893787140445866e-02 2.759343102085807381e-02 1.429485576140294978e-02
9.060629787362245446e-01 3.599272594576530954e-02 3.510949352221454014e-03 4.202924458546995756e-03 5.023042150724343902e-02
1.668572613802488946e-01 1.293645307565375983e-02 1.356422636498896550e-01 2.761048211073749079e-02 6.569535397834670443e-01
8.145405680104855772e-01 1.656912301056459313e-01 1.607808440297493063e-02 6.694833049749596881e-04 3.020634175919621658e-03
9.702177359279479107e-01 2.081592172492631801e-02 1.308512236812185703e-03 9.564250082056626086e-04 6.701405102107834029e-03
9.878530025683477378e-01 1.046969318378377159e-02 6.375475941334592545e-04 5.683124685866917903e-05 9.829254068781871200e-04
7.074651067747608213e-01 1.844082260940908130e-02 8.808829413708849088e-03 3.353849526896493776e-03 2.619313916752236682e-01
8.240802231333388406e-01 2.319596652593266736e-02 6.568682032575432969e-03 2.573896757044027723e-03 1.435812315511082460e-01
3.390546571547538024e-01 1.632483695024525561e-01 5.212538463466950822e-02 5.127523956182539200e-02 3.942963491462974090e-01
7.624085043619173163e-01 2.984896429874822621e-02 1.056421065835084876e-02 3.014519584453646296e-03 1.941638010965285044e-01
3.158349050531772950e-01 1.198587624674974381e-03 1.395000945330196647e-02 1.000239108919015740e-01 5.689925869769466571e-01
3.121495965006717416e-02 4.920660805339115429e-01 3.312453149433237654e-01 7.497945626889010451e-02 7.049418860380265994e-02
8.943599540960940342e-01 5.340360650656215263e-02 6.796702388631848876e-03 2.595467375444774835e-03 4.284426963326799787e-02
6.937481897524672148e-01 1.573515843715006524e-01 2.500543338995985659e-02 1.122382072913204014e-02 1.126709717569420593e-01
1.379882216557123436e-27 2.693154626558657454e-06 7.946591403417552213e-06 9.999893602498424183e-01 4.103088874784972820e-12
8.658492560322539333e-01 4.741715400314805429e-02 1.438134669995593320e-02 1.232930028692832795e-02 6.002294297771396808e-02
6.305562852786023020e-01 3.331418402228727982e-02 8.512555482236217747e-03 6.177505538587668189e-03 3.214394696782848504e-01
2.572679529052775971e-01 2.350120401815712079e-01 4.693241039566228290e-01 1.389777976173247297e-02 2.449812319478957001e-02
9.463101290944228028e-01 1.810207159548492609e-02 1.682747625280360537e-03 8.006070449337854798e-04 3.310444463987885499e-02
9.317288458601503676e-01 1.904528889764445579e-02 4.935628668553538982e-03 3.071755033223732157e-03 4.121848154042698220e-02
9.227067334058407511e-01 6.391379764058820190e-02 1.193519638051547364e-02 4.919786558070555907e-04 9.522939172460159014e-04
3.846587875965893355e-01 7.392017389106776692e-02 2.798109664739539815e-02 1.240522905050284001e-02 5.010347128144445605e-01
9.987573039619760396e-01 1.142740225504908745e-03 1.750247921945577385e-05 9.374824732307555062e-06 7.307850856674613692e-05
4.162049797896835712e-01 2.280881030368707083e-02 5.476772788347120634e-03 4.819501208950466645e-03 5.506899359093332391e-01
4.651519763320577927e-01 5.589532510608521965e-02 1.197055728334315249e-02 1.704923036193185110e-02 4.499329109165807195e-01
9.088295347761864429e-01 2.607791329840288344e-02 5.839291345626556815e-03 3.725593268463743123e-03 5.552766731131920236e-02
3.147696393300808970e-01 4.135146420875838169e-01 1.479131316989462375e-01 1.874352610298998323e-03 1.219282342730895474e-01
1.550181736063039120e-02 2.137647814260440135e-02 7.992887198610185151e-02 2.169534200594646356e-01 6.662394124512049931e-01
9.983366558844661842e-01 1.133257455028956499e-03 1.072747389661819230e-04 6.440086606479163958e-05 3.584110554731159497e-04
2.656572801827716823e-01 2.624644196737100366e-01 1.177943114112047635e-01 3.416133415911021959e-02 3.199226545732066218e-01
9.752126261835667442e-01 1.652718704786317744e-02 3.740002449851734072e-04 3.847372499101341580e-04 7.501449273673592780e-03
9.690623045419041182e-01 1.135759951567530401e-02 2.230902032222178370e-03 5.734661127590132959e-04 1.677572779743979545e-02
8.212105413807258350e-03 5.652258000390252696e-02 4.505339569296354929e-01 2.677096724593603372e-01 2.170216851933000068e-01
9.893766129727332714e-01 2.574115043146190263e-03 9.108191836853846059e-04 2.925979862963704395e-04 6.845854814138724494e-03
9.801349737508198157e-01 1.191769116953448129e-02 1.805371895080913527e-03 1.158455418605054124e-04 6.026117642704494765e-03
1.226115145454740631e-02 3.856199232748905043e-03 3.576467775677220212e-03 1.100935644875003505e-02 9.692968250882835202e-01
3.622667079648013155e-01 4.645273255460163897e-01 4.346290534171064202e-02 1.512742232665673916e-03 1.282303189148071565e-01
7.445142881111691934e-04 2.470445257398157408e-03 4.287266207448862665e-01 6.059898416249891867e-02 5.074594355471025997e-01
3.138860654721239984e-01 3.074898761075750206e-02 5.137745608443692463e-02 3.679770401282110148e-03 6.003077204313992388e-01
9.840430186764250742e-01 1.001383626139904989e-02 1.177950984459741248e-03 2.324388991681675077e-04 4.532755178546232777e-03
7.724234917511951792e-01 1.011900940595968600e-02 2.811028145713640250e-02 2.942664942924429726e-03 1.864045524427857536e-01
9.706354087505751904e-01 6.723632798860555183e-03 2.187366094841756460e-03 3.435199495600113249e-04 2.011007240616434835e-02
1.424517288156797179e-05 5.776479027755211382e-01 3.633727406128526294e-01 5.924678067745388355e-04 5.837264363195652367e-02
8.764862121333715228e-01 4.139877684694100862e-02 3.294340322470969140e-02 1.369356766012592508e-03 4.780225102896195483e-02
5.716925769870107032e-02 7.825891462014180136e-03 6.354300566588672039e-02 1.676175169876913118e-02 8.547000934746310508e-01
8.905285907235985787e-01 9.923967648140584463e-02 6.152608749447598330e-04 4.110532495067222535e-03 5.505939424987056456e-03
4.691196837516978246e-01 2.554246055129640314e-01 3.376850256489800223e-02 1.280013682684116340e-02 2.288870713435988413e-01
8.928299139261656192e-01 1.861962598143647105e-02 1.153520050855383165e-02 4.765786505267034963e-03 7.224947307857597367e-02
8.920455147992742417e-02 8.089541768149008938e-01 4.744484900773202757e-02 2.335967010433436311e-02 3.103675259310775814e-02
5.201178291105871265e-01 1.949513333861470077e-01 2.642709997565226981e-02 5.351484382325222972e-02 2.049888937043619075e-01
7.094061710806299770e-01 2.347357125263843103e-01 2.190858268651444882e-02 5.271658544872767811e-03 2.867787516159742839e-02
1.272505369651204753e-10 3.262558264392674431e-06 3.524524187197621838e-01 6.356980578019155725e-01 1.184626079279478550e-02
9.339969158092680246e-01 2.338173647365148974e-02 2.454401766409516732e-03 1.327494196387578318e-03 3.883945175428214075e-02
9.509046701940626622e-01 2.298235892053547558e-02 3.163927545942074072e-03 7.630355067542022012e-04 2.218600783270632815e-02
9.157080608269064781e-01 4.695771258347318511e-02 5.336518686129304578e-03 2.645339834977203288e-03 2.935236806851432290e-02
9.945333702355536598e-01 1.616605199929410609e-03 8.006960288156096672e-04 1.837584638644935672e-04 2.865570071836134273e-03
4.118037563833036319e-01 3.144195881982132790e-02 4.544434353110783642e-02 3.203030426346464149e-02 4.792796370023043595e-01
7.915163977735285572e-01 8.248910246413384412e-03 8.757571395618979002e-03 8.448949155389330612e-03 1.830281714290481199e-01
4.904454409889889011e-01 8.047851694312152526e-02 1.778898968969323119e-02 7.784788229889108568e-03 4.035022641483077543e-01
6.174974495759224385e-02 6.550179420126879537e-02 1.321568812215163646e-01 1.132127096972497388e-01 6.273788699223783460e-01
4.826443968915730132e-01 3.741308083673968166e-01 3.265899118432085552e-02 1.287558404114158908e-02 9.769021951556879080e-02
4.717182144996611324e-15 9.999159494692780870e-01 7.841078960631783345e-05 5.639741125094353938e-06 3.106099371742396983e-17
8.900580842464910214e-01 6.501591157876589200e-02 3.280366442667331447e-03 5.268459094223330820e-04 4.111879182265322508e-02
9.518100079869983299e-01 2.243800246595690356e-02 2.276658746171070224e-03 7.390344760776501338e-04 2.273629632479441665e-02
6.362987732300865451e-01 1.009454491886171146e-01 2.650205000332776090e-02 1.514586929618987228e-02 2.211078582817799787e-01
5.852175416917644313e-01 6.414534033099564270e-02 1.252078942480885221e-02 5.878615085554604429e-03 3.322377134668750842e-01
4.770769332734214885e-01 1.639289310644258257e-01 3.374061422204039512e-02 4.538498390591509668e-02 2.798685375341975479e-01
2.820417473971472468e-08 9.011051034937436199e-01 9.889483607984612956e-02 3.222225014957416919e-08 3.244234999800631293e-19
8.145072776172598145e-03 8.947636106956333713e-01 7.890081113052779815e-02 1.720991045405409481e-02 9.805949436082516454e-04
6.790364458983836338e-01 1.562477155604452550e-01 1.976110650559005297e-02 3.624590395055750716e-03 1.413301416405269573e-01
6.088118335868597328e-10 9.367134520798942867e-04 9.976727563213221295e-01 4.663356862180865993e-04 9.241939315633931765e-04
3.138991882405920419e-01 2.622674517611082307e-02 1.828257314977948383e-02 2.244872282388042997e-02 6.191427706096362948e-01
4.410162084769502222e-01 1.183263084076345423e-01 7.529471707465375252e-02 1.223073773612576819e-02 3.531320283046321951e-01
5.548595366216493296e-01 7.448941927810182051e-02 5.975100487687141221e-03 4.227400464219918663e-03 3.604485431483404612e-01
1.078481337416479363e-02 9.435410489652971133e-01 3.086111345643947554e-02 9.661255901134948448e-03 5.151768302961616877e-03
1.586171657861109682e-10 1.575754084107436614e-01 8.424245908982161968e-01 5.324422597054127672e-10 2.383048190847925811e-26
7.689635322037579046e-01 1.588364509521893453e-01 1.459252580314823571e-02 4.337978494945488386e-03 5.326951254596058033e-02
2.291043946876663295e-01 7.182629462517710339e-02 4.638939945121722808e-02 1.471686690467702806e-02 6.379630443312612753e-01
1.051299901361967340e-02 2.663572008255501219e-03 9.383033862363540090e-01 1.339146407808990136e-02 3.512857866367600362e-02
3.119081642239009411e-01 1.801650181651253887e-02 6.071458606714928014e-02 5.132073098690611429e-02 5.580400169055298454e-01
3.550607325588617247e-02 7.359327715569117558e-03 3.435862676098671437e-02 9.650490630012066584e-02 8.262710659674379343e-01
8.765295733584178572e-01 5.576748466908866553e-02 9.471102531708339156e-03 4.488446320335064132e-03 5.374339312044654898e-02
7.991735357793346983e-01 2.187658271630734536e-02 8.295230331719277705e-03 4.265325520345509235e-03 1.663893256522921416e-01
3.491402626680822352e-01 4.061337405159237365e-04 3.224238454691235548e-03 1.592128070852840685e-03 6.456372370658576276e-01
7.459107234601254849e-04 9.859395341689610598e-03 1.282562177926678927e-03 1.002842617815818266e-02 9.780837055787672263e-01
3.304525086814477097e-01 3.015956648135905555e-02 5.248899999693909697e-03 1.617732321510447629e-02 6.179617016223968307e-01
7.516236008478247577e-01 1.243265520162019216e-01 2.312471563203182413e-03 7.837190028948939555e-03 1.139001855438237648e-01
1.865797444484376861e-04 9.683076238990780960e-01 3.105685556954442331e-02 4.489268644671915603e-04 1.392246472907798075e-08
8.077067981963333976e-01 7.355120294078172638e-02 7.660113258309676244e-03 6.405421664733977616e-03 1.046764639398428537e-01
9.695797268099584088e-01 2.668631393374621200e-02 1.500961716909880402e-04 4.273015863655398841e-04 3.156561498242562228e-03
9.635131890574781810e-01 2.390239946761449352e-02 2.591903867817988479e-03 3.701059928610125568e-04 9.622401614227333103e-03
9.424012502472404185e-01 1.719790034900411241e-02 1.695991618481234448e-02 1.674523641270459938e-03 2.176640957767270179e-02
9.848280011259363809e-01 4.271191998578159101e-03 1.612620845893557395e-03 4.530577965552711611e-04 8.835128233036735126e-03
8.160977075586031138e-01 9.181085984221047658e-02 2.005719766379834845e-02 2.819877482336564066e-03 6.921435745304797826e-02
3.725543846687606742e-01 1.761700327722092174e-01 1.070969348277284600e-01 6.271333814266041862e-02 2.814653095886416323e-01
8.725296802195008361e-01 7.146711707774273947e-02 1.533491008616273167e-02 3.743851055260794501e-03 3.692444156133362076e-02
8.692917777432426634e-49 2.060698447106285065e-15 9.999999730202947523e-01 2.697747948671440034e-08 2.311243370230748496e-12
8.551655675841232096e-01 2.163254696808332780e-02 7.629572561716578549e-02 3.627984600430228003e-03 4.327817523019585055e-02
8.988472197537861197e-01 5.479215276290453490e-02 8.300909520961212082e-03 3.466842175458935069e-03 3.459287578688868825e-02
1.712420240632844251e-03 6.088859832469518084e-03 3.662481582629218413e-01 2.329572989165077102e-01 3.929932627474718165e-01
4.452861334306412361e-06 5.005749939114166880e-01 4.255186254305370896e-02 4.565195468912110477e-01 3.491437929919223452e-04
8.818879212181199856e-01 1.699627440611461288e-02 2.387996869504974487e-02 2.114057986389903873e-02 5.609525581681647916e-02
9.079570312717710756e-01 4.897970932773997726e-02 7.527838288014706072e-03 1.812345693253999274e-03 3.372307541922064944e-02
2.187880089166078354e-05 6.705593916033303348e-01 3.289866174781412300e-01 3.611811400469141392e-04 7.093097759425248412e-05
7.798403059865640641e-01 4.851841500455197909e-02 5.754892345421576925e-03 3.468873362523767438e-03 1.624175133009370109e-01
1.892985915891922180e-02 9.725074097691436270e-01 6.687957780903750100e-03 1.320298870783771610e-03 5.544744202527242261e-04
8.295878615548120394e-02 1.438973317960282050e-01 6.546949275169196003e-01 1.163384184361663520e-01 2.110536095396564442e-03
9.103412072915667563e-01 4.274843151211779602e-02 3.776296082330346700e-03 1.078236115033421802e-03 4.205582899895143889e-02
6.521920923332217290e-01 1.487532465840726500e-02 1.582065108992802491e-02 1.493828487515557260e-02 3.021736470432862531e-01
9.229971780784673729e-01 4.395343923051305002e-02 7.166489038975985479e-03 1.324774407914496585e-03 2.455811924413067032e-02
1.911878827143960480e-11 9.995043182623752909e-01 4.779271453034940158e-04 1.775454103867396549e-05 3.216548026534938693e-11
7.120271911315299018e-01 1.342164745269853465e-01 1.151409188309564756e-02 4.932896842594196654e-03 1.373093456157938597e-01
6.813581533594382789e-01 7.151631732194907443e-02 4.556870772431266536e-02 1.520329710371883802e-01 4.952385055711161499e-02
9.806004969563888451e-01 1.086042623530268127e-02 1.580450747594746696e-03 1.306459548409102034e-03 5.652166512306076168e-03
3.399445885631516284e-01 6.310152961185028220e-01 1.960974976306181783e-02 2.774710161649519185e-04 9.152894539115665265e-03
7.297790502894218045e-01 1.237320330952355885e-02 1.163207895159749754e-02 9.552904064095138134e-03 2.366627633853616297e-01
8.544656493303012246e-01 5.476338971743980460e-02 7.096013264831080650e-03 3.889288221046560690e-03 7.978565946638244144e-02
7.696297316147432399e-01 1.013679840221954898e-01 1.635552133665499341e-02 1.172290153288609027e-02 1.009238614935184797e-01
7.018688911404028508e-01 4.406559623515376306e-02 1.825529239069038911e-02 1.174687178923211790e-02 2.240633484445224144e-01
7.875461464783404253e-01 1.597042376874281133e-01 3.736758178629581706e-02 6.886763218450563800e-03 8.495270829487984454e-03
9.518100079869983299e-01 2.243800246595690356e-02 2.276658746171070224e-03 7.390344760776501338e-04 2.273629632479441665e-02
8.791023217471229945e-01 1.145561788124327234e-02 7.293837506551872560e-03 2.087366864897145791e-02 8.127455421611166908e-02
9.692383858504045602e-01 1.514048213024772258e-02 3.601450961470809616e-03 2.343297809421495802e-03 9.676383248458658368e-03
8.516753044888981661e-01 1.271285165786299742e-01 8.094535066938539705e-03 4.687784823481223710e-03 8.413859042050244458e-03
9.093287982812187087e-01 6.170204956381911132e-02 4.192780014290201952e-03 3.773828840963378700e-03 2.100254329970937389e-02
7.187616206591825874e-01 1.249047901812258970e-01 5.492162381966559509e-02 1.703066923843476153e-03 9.970889841608096549e-02
2.885364225688747397e-01 4.495939980159096433e-02 1.341999914778169677e-02 5.128427107318604163e-03 6.479557513744333974e-01
9.537267255443612202e-01 1.988860981167831637e-02 9.754580011584658037e-04 3.393455837213444487e-03 2.201575080558749314e-02
7.057774855991881535e-02 5.009093934260060860e-02 2.628684968653058340e-02 1.935140181630977309e-03 8.511093222293154570e-01
9.978072186154506307e-01 7.230377802483040864e-05 1.481835959274326488e-05 2.127571864391026167e-05 2.084383528290699797e-03
7.415951149825821265e-01 5.357477317946739842e-02 1.653866054406919611e-02 1.105721203305163464e-02 1.772342392608286243e-01
9.219231026583841748e-01 5.536593541955968367e-02 7.654600055132500247e-03 2.293371061656369458e-03 1.276299080526608828e-02
8.155914330200234597e-01 4.620505732759095513e-02 1.298862161365651677e-02 6.065220807764749693e-03 1.191496672309626942e-01
1.343310777586127769e-02 4.136774470334197429e-01 8.362630455134799357e-02 1.183427657816282369e-01 3.709203748577373783e-01
7.747393705004553821e-01 2.423739622762024690e-02 2.867827708544656157e-02 1.104280950081313294e-02 1.613021466856636166e-01
2.038125771450223778e-01 1.624679393841209629e-01 5.290656050835226137e-02 1.274433863632751067e-02 5.680685843261782386e-01
5.704088656718699912e-01 2.680021999196901053e-02 3.155722334358926958e-03 2.933793879770293152e-03 3.967013981220302021e-01
9.872172997385332271e-01 6.952686933700787282e-03 6.548624700052508435e-04 1.293404860374180543e-04 5.045810371724121501e-03
6.058248803285608552e-01 2.583554911831896228e-01 3.251944941968679809e-02 4.401194805198596627e-02 5.928823101657703515e-02
1.838809834742093918e-01 7.785943670485606649e-01 3.364278690231788799e-02 1.298081841244659411e-03 2.583780733669391663e-03
5.643362801666274020e-01 2.304435866108037467e-01 4.506041180058327489e-02 3.513525633527537270e-03 1.566461957884577039e-01
9.853516784451266108e-01 1.057224196864471263e-02 6.939531816216098700e-04 4.961624383017970621e-04 2.885963966304281453e-03
9.779939658351786136e-01 2.032790745765998899e-02 1.180131884616348768e-03 2.029944753618930387e-04 2.950003471814603533e-04
4.790667490334129424e-26 1.380483270954573289e-03 3.123315936458887984e-02 9.673863573644762015e-01 2.792433861447873537e-20
7.269207785344877770e-01 4.305970826116253120e-02 1.825999436759946637e-02 9.252258491085874406e-03 2.025072603456642140e-01
3.270568838399069006e-02 9.621174222555268774e-01 3.718626672265885804e-03 1.053011209922704618e-03 4.052514782923035764e-04
1.866094641370893983e-09 4.232736431019855621e-04 9.957652157419527583e-01 3.801689687848382442e-03 9.819060986742908322e-06
8.172006640279853981e-04 4.559696677863149528e-03 5.242015879601794048e-02 3.687507374536568450e-03 9.385154364875520905e-01
9.589916543116779879e-01 1.766960581267412039e-02 1.722870401223379434e-03 3.795405251692011376e-04 2.123632894925475342e-02
9.518100079869983299e-01 2.243800246595690356e-02 2.276658746171070224e-03 7.390344760776501338e-04 2.273629632479441665e-02
3.824620337447414142e-01 2.357320490142950087e-01 9.608374778875349020e-03 2.759653320766023432e-01 9.623221038549249762e-02
2.365859967125310409e-02 2.497264485465466519e-02 3.536363805944970351e-01 2.753907995020926647e-01 3.223415753775005776e-01
8.014824706841735535e-01 1.256084184835825623e-01 3.111895516095046846e-02 4.754717826121986242e-03 3.703543784517204090e-02
9.043009730150460834e-01 9.427988507833572063e-03 1.875324741984175318e-03 8.031131073545106367e-04 8.359260062778127442e-02
8.517449982571538847e-01 1.998486651507569087e-02 4.416974101830923628e-03 5.685195413905210111e-03 1.181679657120347504e-01
9.897687096189922151e-01 1.029600901450018887e-03 1.914464544793536508e-03 4.389604727558174698e-04 6.848264462008195330e-03
4.659170555728272545e-01 1.943435068285865111e-02 1.935884274974496860e-02 9.677622868416606294e-03 4.856121281261510103e-01
2.950836932673589043e-21 2.129841878262395192e-07 9.682033182650255643e-03 9.903177537187766166e-01 1.143904320851136757e-10
9.845637751245764901e-01 9.488953582599015529e-03 1.064120482053723107e-03 1.203646649701988066e-04 4.762786145799043601e-03
5.416102537033233855e-01 1.020930376331124628e-01 1.633029374357312241e-02 2.155856470087279958e-02 3.184078502191171611e-01
9.409896378765959524e-01 2.347148871346050811e-02 6.306147584340752663e-03 1.449994180291776539e-03 2.778273164531275610e-02
7.545314444016268940e-01 9.276688193307282282e-02 4.553504486493351738e-02 1.138782191564909410e-02 9.577880688472083237e-02
2.186926575755272495e-01 1.684373153815123605e-02 2.058806949301947645e-03 1.143961969304672054e-02 7.509651842439734049e-01
9.518100079869983299e-01 2.243800246595690356e-02 2.276658746171070224e-03 7.390344760776501338e-04 2.273629632479441665e-02
9.647087580073882007e-01 1.130926207009713691e-02 9.990238054774166782e-04 7.136988365913104647e-04 2.226925728044699959e-02
8.501725677720770591e-01 9.780008739980887433e-02 8.370498247528519037e-03 4.373238009438546077e-03 3.928360857114664845e-02
8.766748669484700773e-01 1.142398561966296786e-02 8.487316768825305460e-03 2.077494785885179024e-03 1.013363358771570272e-01
6.788221961464568910e-01 5.638616426043675106e-02 4.441378352489858128e-02 9.809244485743610908e-02 1.222854112107715774e-01
7.990487417345526477e-01 8.026278270529328684e-02 9.995577271081974857e-03 4.074852790715692043e-03 1.066180454983575027e-01
2.849099776440486981e-02 3.072238750122615603e-01 6.027316771674388063e-01 3.345544334550974719e-02 2.809800671038497136e-02
4.866785484536914619e-02 4.177582433021520547e-01 4.512379855179522031e-02 1.195969345296936659e-01 3.688531687709872275e-01
4.476668464160050154e-01 1.918033938002202954e-01 6.706325993594727808e-02 8.572745266900593311e-03 2.848937545809281935e-01
9.066728992828949618e-01 1.496886865376867784e-02 3.294300762243235984e-03 1.679799773798203296e-03 7.338413152729435229e-02
6.477497212877996239e-22 1.183726711256345449e-03 1.335038639498234425e-01 8.653124049505914739e-01 4.388326530589640328e-09
7.439953745001869345e-01 3.875192469357901463e-03 2.745032440473619932e-03 1.146842863544269208e-03 2.482375577264384903e-01
9.824567113492111980e-01 9.919539149948744181e-03 5.751052186537645994e-04 2.190703263053110606e-04 6.829573955880935410e-03
5.528176363323750333e-05 2.642914952495560299e-01 7.356292110596551748e-01 2.395433613807039261e-05 5.759103115215734180e-08
9.531019014756523244e-01 2.157090711212052841e-02 6.887676810119694112e-03 2.625737793907259761e-03 1.581377680820152468e-02
9.858383955302877366e-01 7.185155696964312146e-03 1.497540459919749533e-03 9.336524929419694543e-04 4.545255819885500419e-03
9.142571166566777485e-01 2.861088520007512223e-02 6.745093581101098412e-03 1.083005751019087363e-03 4.930389881112573480e-02
7.844820963048257378e-02 8.347139774022624414e-02 2.139287469405426467e-01 3.137913796002267386e-01 3.103602660885224074e-01
9.765960066903213166e-01 1.527104690735485611e-02 3.601471236298154840e-03 2.883182892965166738e-05 4.502643337094235955e-03
8.661693514057038357e-01 3.025555095354834356e-02 9.300329399740851072e-03 8.308674345555031038e-03 8.596609389545152580e-02
